911
396
593
408
786
739
681
110
547
49
179
51
833
687
316
9
78
509
828
656
998
844
667
914
325
317
484
870
891
975
875
31
399
653
368
196
817
692
716
660
8
941
27
385
951
755
649
678
701
761
183
840
248
837
148
637
274
314
109
554
449
972
796
654
284
443
895
220
823
190
238
15
808
161
174
642
327
552
272
559
235
779
241
740
371
742
426
530
391
335
937
152
762
647
965
822
126
643
977
640
529
749
195
431
3
321
544
4
2
139
959
1000
352
694
971
294
705
103
535
506
719
772
525
464
946
618
831
207
685
894
741
42
865
782
71
557
655
703
514
118
720
835
384
666
602
819
585
404
324
127
539
788
77
387
447
112
392
737
784
6
583
545
490
129
100
696
470
40
153
25
577
304
228
485
733
189
135
712
707
30
266
434
475
62
64
512
237
160
607
206
473
59
326
265
393
722
864
420
5
595
644
785
298
119
541
629
524
494
151
338
381
457
300
147
727
417
551
815
230
860
423
732
773
204
92
386
344
982
537
859
239
461
165
270
591
999
497
11
645
334
548
848
318
243
605
194
359
339
75
888
144
523
479
212
47
478
534
942
929
197
546
262
983
167
329
279
517
459
565
269
145
427
171
256
453
482
939
169
878
621
155
898
54
452
117
21
995
465
671
569
699
829
13
668
468
620
156
574
60
138
686
104
955
931
345
698
540
172
646
968
783
622
264
713
362
587
361
185
488
760
18
992
346
58
280
659
600
734
76
37
133
676
483
74
499
29
421
101
213
964
32
906
416
410
382
440
94
150
186
934
351
854
697
203
303
990
438
20
702
226
394
302
208
261
86
798
555
163
276
331
614
136
263
684
952
342
920
286
268
192
753
98
378
993
415
636
947
633
839
754
187
723
933
289
953
872
466
376
763
383
533
320
498
979
137
258
328
770
467
693
96
295
873
69
672
679
736
253
927
776
881
281
677
597
323
842
948
804
576
950
501
43
250
157
921
61
288
766
987
451
794
215
105
219
764
562
437
296
95
918
252
961
812
619
886
245
830
108
229
205
780
511
592
232
626
738
143
750
24
515
756
97
729
70
414
561
571
308
202
389
310
582
632
330
305
12
80
868
962
422
282
93
560
41
216
131
657
558
489
1
267
366
581
209
372
522
182
573
989
333
974
832
986
984
661
486
33
439
65
771
154
411
589
884
856
769
336
609
759
912
435
460
897
200
521
892
57
811
836
312
826
409
358
792
611
214
518
251
158
855
55
797
700
949
578
615
63
275
322
458
778
418
821
177
606
201
814
503
915
50
887
406
743
510
259
260
586
648
102
936
407
477
273
862
638
419
616
767
188
715
994
579
463
247
800
803
231
704
184
319
36
107
474
481
735
556
793
291
824
283
791
353
66
492
223
866
909
26
442
244
115
568
56
816
480
652
513
663
695
52
683
852
930
199
236
958
198
68
718
130
680
285
375
180
549
357
495
313
594
834
845
445
813
242
140
311
963
508
820
623
14
380
775
857
67
670
902
23
604
343
373
691
234
957
970
233
550
628
682
871
462
641
106
752
538
689
191
943
290
436
809
277
924
39
491
980
476
287
122
658
224
450
889
925
858
309
747
367
790
146
370
598
99
997
956
916
164
978
444
725
665
255
83
913
714
315
861
292
810
337
536
116
178
612
249
340
181
91
923
728
673
299
896
910
846
341
297
254
500
635
765
567
838
744
429
908
944
519
348
867
222
919
430
900
985
584
446
880
601
926
428
807
111
363
869
10
777
441
799
166
210
988
882
634
35
883
627
306
877
365
532
469
818
301
48
528
801
400
976
53
940
688
45
332
456
907
16
81
899
28
730
717
624
781
88
526
221
711
355
960
599
876
85
132
901
142
863
73
631
225
397
905
401
650
827
38
278
173
425
360
805
917
935
588
520
806
610
487
904
504
413
149
472
893
981
575
973
954
379
493
424
5
564
72
350
566
669
745
580
162
505
114
121
448
354
613
89
46
7
991
608
903
159
751
84
674
885
851
731
603
176
596
553
843
356
795
141
388
502
412
271
168
789
390
79
542
120
928
347
853
748
724
293
257
932
402
377
802
34
890
19
211
966
403
630
675
563
967
369
849
922
125
706
690
454
398
768
134
374
543
349
651
128
938
405
969
471
90
507
841
746
710
124
175
22
87
218
850
433
590
496
709
774
516
531
639
662
879
395
787
570
240
847
17
726
758
945
708
825
625
113
721
170
364
246
527
82
432
455
227
617
307
217
996
757
44
193
123
664
1000