7
4
76
83
15
63
8
27
22
30
80
53
81
10
21
44
34
90
59
49
38
65
60
25
23
29
33
78
19
42
69
16
18
54
13
51
87
66
37
11
39
31
67
9
47
64
12
74
79
2
17
85
43
86
36
84
40
6
62
46
32
14
5
28
88
50
89
56
52
55
35
70
82
77
58
73
24
45
72
75
48
3
61
71
26
41
20
68
57
41
22
18
71
65
12
15
34
60
84
78
50
45
29
32
38
62
8
30
82
23
33
53
16
86
61
26
21
49
55
87
64
73
83
13
6
47
35
80
85
25
68
56
54
77
51
7
79
42
63
31
36
17
43
9
48
59
74
67
39
88
3
70
58
52
66
44
46
89
90
10
40
20
57
2
69
75
19
14
28
72
76
4
27
37
11
24
5
81
84
62
90
85
8
20
65
14
35
21
19
64
81
24
76
15
4
5
56
52
55
40
53
75
38
7
43
16
88
34
70
63
32
41
6
66
60
30
31
89
72
45
86
82
74
39
61
18
47
10
78
79
67
50
59
51
25
49
23
48
71
22
69
33
73
27
17
13
12
57
9
36
42
68
28
2
46
26
54
83
58
11
87
44
29
80
77
37
3
7
4
76
83
15
63
8
27
22
30
80
53
81
10
21
44
34
90
59
49
38
65
60
25
23
29
33
78
19
42
69
16
18
54
13
51
87
66
37
11
39
31
67
9
47
64
12
74
79
2
17
85
43
86
36
84
40
6
62
46
32
14
5
28
88
50
89
56
52
55
35
70
82
77
58
73
24
45
72
75
48
3
61
71
26
41
20
68
57
41
22
18
71
65
12
15
34
60
84
78
50
45
29
32
38
62
8
30
82
23
33
53
16
86
61
26
21
49
55
87
64
73
83
13
6
47
35
80
85
25
68
56
54
77
51
7
79
42
63
31
36
17
43
9
48
59
74
67
39
88
3
70
58
52
66
44
46
89
90
10
40
20
57
2
69
75
19
14
28
72
76
4
27
37
11
24
5
81
84
62
90
85
8
20
65
14
35
21
19
64
81
24
76
15
4
5
56
52
55
40
53
75
38
7
43
16
88
34
70
63
32
41
6
66
60
30
31
89
72
45
86
82
74
39
61
18
47
10
78
79
67
50
59
51
25
49
23
48
71
22
69
33
73
27
17
13
12
57
9
36
42
68
28
2
46
26
54
83
58
11
87
44
29
80
77
37
3
7
4
76
83
15
63
8
27
22
30
80
53
81
10
21
44
34
90
59
49
38
65
60
25
23
29
33
78
19
42
69
16
18
54
13
51
87
66
37
11
39
31
67
9
47
64
12
74
79
2
17
85
43
86
36
84
40
6
62
46
32
14
5
28
88
50
89
56
52
55
35
70
82
77
58
73
24
45
72
75
48
3
61
71
26
41
20
68
57
41
22
18
71
65
12
15
34
60
84
78
50
45
29
32
38
62
8
30
82
23
33
53
16
86
61
26
21
49
55
87
64
73
83
13
6
47
35
80
85
25
68
56
54
77
51
7
79
42
63
31
36
17
43
9
48
59
74
67
39
88
3
70
58
52
66
44
46
89
90
10
40
20
57
2
69
75
19
14
28
72
76
4
27
37
11
24
5
81
84
62
90
85
8
20
65
14
35
21
19
64
81
24
76
15
4
5
56
52
55
40
53
75
38
7
43
16
88
34
70
63
32
41
6
66
60
30
31
89
72
45
86
82
74
39
61
18
47
10
78
79
67
50
59
51
25
49
23
48
71
22
69
33
73
27
17
13
12
57
9
36
42
68
28
2
46
26
54
83
58
11
87
44
29
80
77
37
3
7
4
76
83
15
63
8
27
22
30
80
53
81
10
21
44
34
90
59
49
38
65
60
25
23
29
33
78
19
42
69
16
18
54
13
51
87
66
37
11
39
31
67
9
47
64
12
74
79
2
17
85
43
86
36
84
40
6
62
46
32
14
5
28
88
50
89
56
52
55
35
70
82
77
58
73
24
45
72
75
48
3
61
71
26
41
20
68
57
41
22
18
71
65
12
15
34
60
84
78
50
45
29
32
38
62
8
30
82
23
33
53
16
86
61
26
21
49
55
87
64
73
83
13
6
47
35
80
85
25
68
56
54
77
51
7
79
42
63
31
36
17
43
9
48
59
74
67
39
88
3
70
58
52
66
44
46
89
90
10
40
20
57
2
69
75
19
14
28
72
76
4
27
37
11
24
5
81
84
62
90
85
8
20
65
14
35
21
19
64
81
24
76
15
4
5
56
52
55
40
53
75
38
7
43
16
88
34
70
63
32
41
6
66
60
30
31
89
72
45
86
82
74
39
61
18
47
10
78
79
67
50
59
51
25
49
23
48
71
22
69
33
73
27
17
13
12
57
9
36
42
68
28
2
46
26
54
83
58
11
87
44
29
80
77
37
3
1
1
1
1
1
1
1
1
1
1
1
1